<html>
<head><meta charset="utf-8" /><style>html,body{margin:0;padding:0}</style></head>
<body>
    <div>                        <script type="text/javascript">window.PlotlyConfig = {MathJaxConfig: 'local'};</script>
        <script charset="utf-8" src="https://cdn.plot.ly/plotly-2.35.2.min.js"></script>                <div id="2d96d5f1-c87d-43fa-b94e-993fd0cff59e" class="plotly-graph-div" style="height:450px; width:100%;"></div>            <script type="text/javascript">                                    window.PLOTLYENV=window.PLOTLYENV || {};                                    if (document.getElementById("2d96d5f1-c87d-43fa-b94e-993fd0cff59e")) {                    Plotly.newPlot(                        "2d96d5f1-c87d-43fa-b94e-993fd0cff59e",                        [{"coloraxis":"coloraxis","name":"0","x":["Couples sans enfant","Femmes seules avec enfant(s)","Agriculteurs exploitants","Artisans, commerçants, chefs d'entreprises","Cadres et professions intellectuelles supérieures","Professions intermédiaires","Employés","Ouvriers","Chômage","Retraités","Salaire net mensuel moyen","Espérance de vie homme","Espérance de vie femme","Part des ménages fiscaux imposés","Immigration","Niveau de vie","Revenus du patrimoine","Prestations sociales","Pauvreté","Pauvreté des moins de 30 ans","Mort par tumeurs","Morts par maladie cardiaque","Morts par maladies infectieuses","Suicides homme","Suicides femme","Poursuites en pénale","Fonctionnaires état","Fonctionnaires territoriaux","Fonctionnaires hospitaliers","Participation législatives 2024","Vote Macron (2022)","Vote Lassalle (2022)","Vote Le Pen (2022)","Vote Zemmour (2022)","Vote Mélenchon (2022)","Vote Jadot (2022)","Vote Pécresse (2022)","Maisons (vs appartements ou autres)","Propriétaires (vs locataire)","Moins de 24 ans","Familles nombreuses","Âge moyen de la mère à la naissance","Cheptel bovin","Part du privé (école)","Densité de médecins","Mariages","Mariages même sexe","Taux de réussite au bac","Voitures (par ménage)"],"y":["Couples sans enfant","Femmes seules avec enfant(s)","Agriculteurs exploitants","Artisans, commerçants, chefs d'entreprises","Cadres et professions intellectuelles supérieures","Professions intermédiaires","Employés","Ouvriers","Chômage","Retraités","Salaire net mensuel moyen","Espérance de vie homme","Espérance de vie femme","Part des ménages fiscaux imposés","Immigration","Niveau de vie","Revenus du patrimoine","Prestations sociales","Pauvreté","Pauvreté des moins de 30 ans","Mort par tumeurs","Morts par maladie cardiaque","Morts par maladies infectieuses","Suicides homme","Suicides femme","Poursuites en pénale","Fonctionnaires état","Fonctionnaires territoriaux","Fonctionnaires hospitaliers","Participation législatives 2024","Vote Macron (2022)","Vote Lassalle (2022)","Vote Le Pen (2022)","Vote Zemmour (2022)","Vote Mélenchon (2022)","Vote Jadot (2022)","Vote Pécresse (2022)","Maisons (vs appartements ou autres)","Propriétaires (vs locataire)","Moins de 24 ans","Familles nombreuses","Âge moyen de la mère à la naissance","Cheptel bovin","Part du privé (école)","Densité de médecins","Mariages","Mariages même sexe","Taux de réussite au bac","Voitures (par ménage)"],"z":[[1.0,-0.748969438386252,0.6735859547559898,0.27119249002573137,-0.6177822583017863,-0.7086979505952309,-0.5099441657877682,0.27038453340034513,-0.5103482715265876,0.9342556821928674,-0.6521719029556825,-0.47218415452768775,-0.2136654810331935,-0.6252869501464193,-0.7783869499400092,-0.39946673895247603,0.013690861606614375,-0.05202772588651527,-0.22532386238612923,-0.061589334669190914,0.8708047888392585,0.87266810403524,0.6546968124973714,0.6340831706478632,0.3768308727610886,-0.24878101457380675,-0.5330619114943139,-0.6270628936511715,-0.46336600716062665,0.46519885941826855,0.009688613812592369,0.4254512414921516,0.279517256362757,-0.24612957371330327,-0.6112399091050956,-0.19250627107029808,0.04316340797654212,0.7176650381630852,0.7394973449342641,-0.8357265206489801,-0.7923468222893008,-0.5420033807742709,0.43535451195040187,0.1865294678763604,-0.4704974773243404,-0.3602804253190173,0.310035815654217,0.44030862459389136,0.5139883431570599],[-0.748969438386252,1.0,-0.5772318930269811,-0.009986958582394864,0.4665489107329508,0.2799964413791973,0.47461339749593395,-0.5082445134997619,0.7775201981980963,-0.6500453893573028,0.5071920200315277,0.28626934200976734,0.040926730285538296,0.31887250586778126,0.7780428085043423,0.10754200549590276,0.14140017002399968,0.35061215374237853,0.6633824854347623,0.5025986199208354,-0.5084696576677387,-0.5416656793575249,-0.37978029706468547,-0.5504255402452068,-0.37771176411355367,0.46359281548175146,0.5086068038571189,0.5598291869470908,0.3957771486658511,-0.47440589634072783,-0.36590353254759234,-0.20473343787058923,-0.13855638838425993,0.44290124931219244,0.6110769335461034,-0.0979727408982212,-0.161927959708704,-0.6860131953327078,-0.783624590059137,0.4212365277613023,0.58190435201481,0.49499174416945285,-0.610344711002614,-0.44009611410045585,0.4681624173792913,0.3879197470686285,-0.037808337311722874,-0.5006434951852917,-0.6270536555328918],[0.6735859547559898,-0.5772318930269811,1.0,0.21675743379654966,-0.5313421029461199,-0.6258747093014261,-0.3070002265147873,0.17502422308387017,-0.5008642683994412,0.6989211993069407,-0.5430621412722084,-0.4031915689237957,-0.1619690217543904,-0.594020206374506,-0.5242667971179908,-0.44493555886308206,-0.055762210808518196,0.08510236112813974,-0.010681782082036606,-0.07974251992823385,0.6647848926035386,0.7403127613936797,0.5499256394393923,0.5517516247432016,0.20021021562287847,-0.23374332783201845,-0.5102370883979488,-0.5938646677525983,-0.527889414726197,0.41754981547483516,-0.10938614302572146,0.5714510839401769,0.11888464240355702,-0.28675650594606333,-0.3599193623690214,-0.3116894269053354,0.2521804330895502,0.6042223529788094,0.6325953991346288,-0.630817680289131,-0.516682339365745,-0.4572788884165007,0.4007094005756824,0.19303087413562323,-0.5137876982703161,-0.5433952033522725,0.14057005577152204,0.33556948653545954,0.4117473283069434],[0.27119249002573137,-0.009986958582394864,0.21675743379654966,1.0,-0.17680969783640824,-0.15446367409332562,0.03038252645184475,-0.42348865968327104,-0.028934419954521517,0.304607229692415,-0.23099727726315236,0.2617976245411291,0.37533892464407004,-0.17574981101291268,-0.025666512580239033,-0.08277569127688897,0.3504673397042158,-0.12553811809001544,0.10536609194226301,-0.08232127141419221,0.230674589707863,0.22939681503849993,0.0949901521378233,-0.040544574248174994,-0.07213055618952464,0.026523853421730494,-0.21254481677350512,-0.18737369918818914,-0.3016778535301704,0.3490317277767196,-0.3909196443651281,0.5588884570654413,-0.09262719316271384,0.48980618434281054,-0.06777973731814539,0.005133868341998168,0.041534733447384516,-0.014242450347912062,0.12209247245409612,-0.5531749135568444,-0.5723249228694052,0.1365901278299695,-0.2943984131036212,-0.003547842806063104,-0.13732495646646853,0.2903659190673282,0.2583043799817188,0.4883433528478948,0.24500525847923452],[-0.6177822583017863,0.4665489107329508,-0.5313421029461199,-0.17680969783640824,1.0,0.630093727227871,-0.18102689848377745,-0.6272813819177632,0.22581450375020026,-0.7578555871736041,0.9556388728156714,0.6741092154117225,0.5569803951203087,0.8557623298466871,0.6753072596361696,0.8312511957199273,0.38786427965732156,-0.46627893467158754,-0.14549217081618318,-0.22104543595108117,-0.7266313400353691,-0.7030566268616361,-0.5829515788775198,-0.5458495115233969,-0.21120014526418246,0.14648857265100482,0.8066875728587721,0.7242357852078375,0.6590833690595347,0.1209461901529979,0.44625215611770086,-0.3948956110976085,-0.6934520954796562,0.1375086131739758,0.5567820947026154,0.6166653808859907,0.2916150985583583,-0.79312784526515,-0.7291764226382216,0.5015011289321631,0.40452800352990076,0.8736431111653804,-0.3057390954002301,0.050047646546415435,0.7904523655897868,0.39082319961368045,0.14279836798907122,-0.05249060381961442,-0.7685285598629829],[-0.7086979505952309,0.2799964413791973,-0.6258747093014261,-0.15446367409332562,0.630093727227871,1.0,0.22935492122593779,-0.2543949206896225,0.11591801998028531,-0.7965134097372097,0.5509123548106232,0.6566104988842751,0.496556261977733,0.7705738240631398,0.509354171535363,0.6703480795601138,0.05567071339020341,-0.4237375729065959,-0.3422007782950312,-0.3248862021012151,-0.8478951045639334,-0.8595797098393987,-0.6598279145354012,-0.5958383243941693,-0.29551926436689474,-0.03372935310689918,0.4653695512817355,0.5413422195584254,0.4418113923291885,-0.04082482720611578,0.30661469955533094,-0.4063381582462092,-0.45447705816699213,0.07715673636871422,0.45901593699271825,0.6160778896320777,-0.002522101243521487,-0.6100086292016017,-0.4992768538473525,0.7386007517824255,0.4372102707831081,0.6013133501847115,-0.2974089444275076,0.020672537489676034,0.46224626673284064,0.3750361997439698,-0.1409144855227328,-0.03815804578740647,-0.24365038837067132],[-0.5099441657877682,0.47461339749593395,-0.3070002265147873,0.03038252645184475,-0.18102689848377745,0.22935492122593779,1.0,0.051377926950245616,0.2980285354642635,-0.3474199855462389,-0.13304789956690163,-0.01414405050787048,-0.1707788582822468,-0.011059872164188,0.32182838520801454,-0.22522898538305705,-0.23276689212480398,0.35561367773663255,0.3630979276819094,0.2283385094006816,-0.279136607880111,-0.31826974588199203,-0.143276374968832,-0.26565065973395535,-0.2289861446644683,0.17856596920394327,-0.1292678449230726,0.025222116532268593,-0.13951242226546018,-0.6695209503508232,-0.4537759698118318,0.04051828099287595,0.22925342863557233,0.24702683583246743,0.18717617156402594,-0.3189898540255201,-0.2699221681657077,-0.16636470692133828,-0.2053131537596925,0.31170863636629154,0.3353656934127524,-0.05694779478317465,-0.32740989470096427,-0.41901790654472,-0.18684706447553642,0.019066048071855343,-0.39031899947640103,-0.3746334235662912,0.08510368847080306],[0.27038453340034513,-0.5082445134997619,0.17502422308387017,-0.42348865968327104,-0.6272813819177632,-0.2543949206896225,0.051377926950245616,1.0,-0.22740403384820101,0.3004410483584228,-0.5344999950969936,-0.5603390883590873,-0.5588263191193178,-0.4404819059221322,-0.5073427790528879,-0.43251438181204893,-0.5133250617652356,0.2304156010502508,-0.17529774517916547,-0.07672864156686171,0.2379225754246409,0.24594304449943472,0.22370948714533442,0.4020596043821452,0.25799168537149914,-0.11321636128719366,-0.5036088319790208,-0.47726282161695593,-0.3293395725491575,-0.2998564207828318,0.035091856082380725,-0.15418571842899775,0.6008766569874698,-0.398861620237147,-0.47741458980132384,-0.2983785252327968,-0.26068563709058834,0.6068390378939814,0.49303835164741433,0.0574373879948168,0.048516516954139305,-0.7790167243782654,0.4170363536402675,0.0921465938998072,-0.5340649281180242,-0.30379316561345654,-0.3686636736060488,-0.1807786991823544,0.48674310422807254],[-0.5103482715265876,0.7775201981980963,-0.5008642683994412,-0.028934419954521517,0.22581450375020026,0.11591801998028531,0.2980285354642635,-0.22740403384820101,1.0,-0.4197512786442402,0.26247622985123614,0.09013996031321354,-0.1523833558616031,0.017512460715366215,0.5233927740323502,-0.11749035234690124,0.06655412008499585,0.5450638520265053,0.71619233712685,0.6453818377119779,-0.3270217126513555,-0.37088880023203524,-0.3095239867622705,-0.36523647991214964,-0.24028841983484028,0.45812350583107453,0.35601262113417675,0.4058623052490348,0.31299374538701796,-0.43235936799539904,-0.4144874581517587,-0.2916037697756662,0.12819113804114843,0.3340062215877924,0.4519136513101093,-0.18011908130549542,-0.40779280120138783,-0.3725202683206065,-0.5702370571466618,0.3364881345856011,0.5363607638326112,0.1700227367909597,-0.5204066501406602,-0.32443414309528334,0.333123726512724,0.4524686643782917,0.07357776234080543,-0.5420879471038041,-0.4307948755119891],[0.9342556821928674,-0.6500453893573028,0.6989211993069407,0.304607229692415,-0.7578555871736041,-0.7965134097372097,-0.3474199855462389,0.3004410483584228,-0.4197512786442402,1.0,-0.7508964532695911,-0.5641976182238317,-0.33030401061270603,-0.7247685337883281,-0.7473912106828448,-0.5718164485551721,-0.1325190705405661,0.13192685346977606,-0.0757167312219051,0.018562108937379154,0.9521127125690466,0.9489001903175024,0.7211182777651434,0.6652356588302145,0.35151797223047315,-0.23953619714851557,-0.6814275522536875,-0.7068910288811203,-0.60104306783788,0.34287418281449783,-0.17561262371441638,0.4686262932227443,0.3868803051916513,-0.1979139443266511,-0.5793304414924088,-0.409225223767052,0.01789685799099096,0.7923251834592071,0.8209850482996432,-0.8444830269713077,-0.6990102714387951,-0.6746569470775099,0.3897911174297148,0.10329339024243957,-0.6331149366527056,-0.3763692857876172,0.18438230932475824,0.32894750294540837,0.613380904171865],[-0.6521719029556825,0.5071920200315277,-0.5430621412722084,-0.23099727726315236,0.9556388728156714,0.5509123548106232,-0.13304789956690163,-0.5344999950969936,0.26247622985123614,-0.7508964532695911,1.0,0.607678839355369,0.47713685139988843,0.8195806987122296,0.7120584754604815,0.7775520034984235,0.3201846359630299,-0.3898388575887303,-0.07551547566154873,-0.2055568558394234,-0.7151452081052423,-0.6867807888350288,-0.5415335722899501,-0.522444688558749,-0.19320781416660002,0.18996354815819716,0.7368052159849708,0.6824815140751178,0.5956512235131894,-0.0012134438632263984,0.4149299869651461,-0.4399642314648107,-0.6307032556307179,0.14589103793830774,0.5532854449921923,0.5147410127856261,0.2954365079391474,-0.7989779784176105,-0.7416027353171133,0.5096563009267011,0.47964908738803175,0.7914258445604813,-0.29561353707748433,-0.0013214650396894873,0.7138069688881731,0.3771517006208005,0.018015635670889794,-0.13398846788189325,-0.7858395721354545],[-0.47218415452768775,0.28626934200976734,-0.4031915689237957,0.2617976245411291,0.6741092154117225,0.6566104988842751,-0.01414405050787048,-0.5603390883590873,0.09013996031321354,-0.5641976182238317,0.607678839355369,1.0,0.8440336467490908,0.6544022474366236,0.5866598377563969,0.6344581843324552,0.3121535331574552,-0.4955914513400986,-0.1912473955411903,-0.3079981567601254,-0.6628027525035842,-0.6197210748768658,-0.5421981939457335,-0.6046674768927612,-0.4096084492818749,-0.015780688189636908,0.4352390382646255,0.42945865727163585,0.29019146985787597,0.24488978493600047,0.24396966011032495,-0.027101956737722737,-0.6906841154053852,0.28821639020585493,0.45869940941019127,0.6017511330507621,0.23007794241846982,-0.6575756337383408,-0.49731253334414655,0.35299980725466956,0.16552372507820245,0.747471985583299,-0.3651268641823417,0.04357501627168147,0.4506283900276364,0.41148833088575254,0.03704961448016521,0.15587777621553486,-0.32542508168769513],[-0.2136654810331935,0.040926730285538296,-0.1619690217543904,0.37533892464407004,0.5569803951203087,0.496556261977733,-0.1707788582822468,-0.5588263191193178,-0.1523833558616031,-0.33030401061270603,0.47713685139988843,0.8440336467490908,1.0,0.5236280548695256,0.345948519555192,0.5579549358897357,0.3068435187681677,-0.5475989202337761,-0.31012185258930286,-0.408204075808595,-0.461886035471975,-0.4083085558105841,-0.43309157889138555,-0.3895172684423184,-0.20405751785920825,-0.1052715030967636,0.3418387453583927,0.33990516643962804,0.23339988223781916,0.4349132372109457,0.3628166185578112,0.015090883013441027,-0.7035015133744924,0.16536498886320625,0.32426907046857895,0.6906590361658739,0.34006930538532126,-0.5037471344962575,-0.3238472935278977,0.16205287717437625,-0.052983566021300825,0.6596235193763371,-0.15651056392504348,0.25034652739381974,0.39041865626831873,0.24931989459712403,0.14193217859617305,0.371288906073897,-0.2371273701946749],[-0.6252869501464193,0.31887250586778126,-0.594020206374506,-0.17574981101291268,0.8557623298466871,0.7705738240631398,-0.011059872164188,-0.4404819059221322,0.017512460715366215,-0.7247685337883281,0.8195806987122296,0.6544022474366236,0.5236280548695256,1.0,0.590532512541368,0.9018154675666182,0.19090429963084568,-0.6472747600340752,-0.4204928868746636,-0.4822136325160539,-0.7454051689162398,-0.7335496026453503,-0.5552628060758107,-0.5282977457590505,-0.19797224734881472,0.050210504327698836,0.5891362624516726,0.5606519389512955,0.4857521370584448,0.024448991862126693,0.4791114787452635,-0.42338456835607885,-0.5915012295995965,0.1828714226450206,0.3940508361548732,0.607080711306692,0.3511170281794441,-0.7256396949930735,-0.5521948460633161,0.5515329226064313,0.38050169092547304,0.7535934416572064,-0.3204300925763217,-0.01978506453072172,0.5748721544344569,0.4027835550925984,-0.10815636996432271,-0.04024320518488872,-0.49828462008435986],[-0.7783869499400092,0.7780428085043423,-0.5242667971179908,-0.025666512580239033,0.6753072596361696,0.509354171535363,0.32182838520801454,-0.5073427790528879,0.5233927740323502,-0.7473912106828448,0.7120584754604815,0.5866598377563969,0.345948519555192,0.590532512541368,1.0,0.4167616796804306,0.20009005610206987,-0.04309554632152989,0.3664897437441806,0.07151847827857076,-0.695333644748463,-0.6623028776107431,-0.5018785624671025,-0.6622646092291489,-0.3932151266160083,0.3499804988895369,0.5546399183170595,0.5353698840199798,0.36708518492539366,-0.28940896951494743,-0.0722337718059944,-0.2608442208887393,-0.5036585533160028,0.34017905414929633,0.7610747852943908,0.21460738352367711,0.08258528774632218,-0.7980558740473883,-0.7386710456456744,0.49701408248504503,0.6570473996528156,0.6754954378371205,-0.5633233851648389,-0.30647437945028283,0.48151460884079955,0.43778936376743244,-0.13798438858239834,-0.34403066356964646,-0.6727808618118434],[-0.39946673895247603,0.10754200549590276,-0.44493555886308206,-0.08277569127688897,0.8312511957199273,0.6703480795601138,-0.22522898538305705,-0.43251438181204893,-0.11749035234690124,-0.5718164485551721,0.7775520034984235,0.6344581843324552,0.5579549358897357,0.9018154675666182,0.4167616796804306,1.0,0.39355479782407865,-0.822595290616944,-0.5621923086904512,-0.5806931242304006,-0.6012464297555175,-0.5886039129870847,-0.46966205588776133,-0.41365201297488174,-0.11345614840390245,-0.035374703441450356,0.5429834583683982,0.4583526765192027,0.4441828171538918,0.20922716336701644,0.5761018206658918,-0.30955334117162503,-0.580970763725151,0.17258123918248644,0.1843674301668178,0.6853119455592136,0.4063306906376244,-0.6327211165489977,-0.42157052869184963,0.3355286483945916,0.10587639071866846,0.7150578690846106,-0.20001119170715675,0.10337992344235013,0.5637490740125957,0.37235085470516927,0.03731378533335747,0.1687399460836042,-0.4313342087768746],[0.013690861606614375,0.14140017002399968,-0.055762210808518196,0.3504673397042158,0.38786427965732156,0.05567071339020341,-0.23276689212480398,-0.5133250617652356,0.06655412008499585,-0.1325190705405661,0.3201846359630299,0.3121535331574552,0.3068435187681677,0.19090429963084568,0.20009005610206987,0.39355479782407865,1.0,-0.4011979402957479,-0.005829482766388836,-0.09512985408232585,-0.10787623766855818,-0.10821778338340052,-0.15766143789242223,-0.18991824715563047,-0.10628298147617148,0.198077265393431,0.41161061535601556,0.25615358399872795,0.2795719310913848,0.13920251727562905,0.08817432090426992,0.07264216091783823,-0.24303443092662846,0.4422761173640342,0.0008974858169616454,0.27625668181078167,0.21145480184751475,-0.42939911537723374,-0.33550870072233724,-0.2423717384182149,-0.27143633971761777,0.49264907907526573,-0.1824557484583014,0.092509721437561,0.455941103323032,0.37572306382324655,0.3067158498660581,0.2629897942621399,-0.38426086983165875],[-0.05202772588651527,0.35061215374237853,0.08510236112813974,-0.12553811809001544,-0.46627893467158754,-0.4237375729065959,0.35561367773663255,0.2304156010502508,0.5450638520265053,0.13192685346977606,-0.3898388575887303,-0.4955914513400986,-0.5475989202337761,-0.6472747600340752,-0.04309554632152989,-0.822595290616944,-0.4011979402957479,1.0,0.8122109417707917,0.8111531260344463,0.2429229916622937,0.20570940430347237,0.17618473621274655,0.11621756622687254,-0.023202245357174234,0.254405625430044,-0.1718443876217686,-0.07420978401534661,-0.11473805729036961,-0.4339754024630659,-0.60893946601085,0.046667312122902094,0.4963741738203296,-0.06239249977848244,0.1279966988396409,-0.6455964097207644,-0.5080145535920725,0.28670728646684596,-0.013927523730867674,0.04580917592915479,0.3153592850424777,-0.4536652478281546,-0.035423618388936776,-0.23264979081890674,-0.22400251171344288,-0.1927389619709009,-0.02717792383347334,-0.46559635797734794,0.042540327289820185],[-0.22532386238612923,0.6633824854347623,-0.010681782082036606,0.10536609194226301,-0.14549217081618318,-0.3422007782950312,0.3630979276819094,-0.17529774517916547,0.71619233712685,-0.0757167312219051,-0.07551547566154873,-0.1912473955411903,-0.31012185258930286,-0.4204928868746636,0.3664897437441806,-0.5621923086904512,-0.005829482766388836,0.8122109417707917,1.0,0.825280278846342,0.0652089533674542,0.05408222848761501,0.06890033520006437,-0.10398031862365696,-0.21108017987463737,0.4332481283386762,0.08752173887364371,0.10802732291571125,0.024243220841294953,-0.438261141401274,-0.6870705400828505,0.09671835343862174,0.24428495483234292,0.26067071188290564,0.35055796010540524,-0.5288880810229747,-0.3268192066625823,-0.12607249582602562,-0.3461731964773287,-0.02369591409310867,0.3373866925268397,-0.07175647279155704,-0.3355288670077476,-0.4036552309861821,0.03462286536755994,0.08000911275446804,0.04654361671014931,-0.46798734686119325,-0.2943948593077639],[-0.061589334669190914,0.5025986199208354,-0.07974251992823385,-0.08232127141419221,-0.22104543595108117,-0.3248862021012151,0.2283385094006816,-0.07672864156686171,0.6453818377119779,0.018562108937379154,-0.2055568558394234,-0.3079981567601254,-0.408204075808595,-0.4822136325160539,0.07151847827857076,-0.5806931242304006,-0.09512985408232585,0.8111531260344463,0.825280278846342,1.0,0.15501543182503036,0.10556270826600173,0.13022250528689672,-0.015206800407837557,-0.16151525686360146,0.21847654685823203,0.01653196281941727,0.06747111245769577,0.05887490234856773,-0.3446080093742685,-0.5447163254202052,0.039975870331612075,0.38444341600468235,0.09974354164085711,0.1369832084256821,-0.47873185191324064,-0.48908115271485886,0.031800858024064474,-0.23342305257422277,0.00892740064115376,0.2009551414996664,-0.17990697350658613,-0.20729577762696894,-0.3726802371491292,0.01018306993215224,-0.08998013819649966,0.13252411118252255,-0.48225991755092573,-0.13609008783381973],[0.8708047888392585,-0.5084696576677387,0.6647848926035386,0.230674589707863,-0.7266313400353691,-0.8478951045639334,-0.279136607880111,0.2379225754246409,-0.3270217126513555,0.9521127125690466,-0.7151452081052423,-0.6628027525035842,-0.461886035471975,-0.7454051689162398,-0.695333644748463,-0.6012464297555175,-0.10787623766855818,0.2429229916622937,0.0652089533674542,0.15501543182503036,1.0,0.9630406459967329,0.7428674671243161,0.656258490742176,0.3061210256376344,-0.16841510767654283,-0.6010170651360295,-0.634542556470621,-0.5231170909053212,0.21976985296510818,-0.25465195971221904,0.46954696856623696,0.4383031401154123,-0.15131124477557734,-0.5568124833433311,-0.5212022252866862,-0.02519196331009901,0.7541368745178992,0.7393998480622603,-0.8412343117554351,-0.6483010266949716,-0.6594801329067272,0.3508940059207766,0.0017279452491617082,-0.5611943916039339,-0.3888834166456978,0.2076667855754653,0.2218825669449085,0.5133096930883229],[0.87266810403524,-0.5416656793575249,0.7403127613936797,0.22939681503849993,-0.7030566268616361,-0.8595797098393987,-0.31826974588199203,0.24594304449943472,-0.37088880023203524,0.9489001903175024,-0.6867807888350288,-0.6197210748768658,-0.4083085558105841,-0.7335496026453503,-0.6623028776107431,-0.5886039129870847,-0.10821778338340052,0.20570940430347237,0.05408222848761501,0.10556270826600173,0.9630406459967329,1.0,0.7588572055943602,0.6717696917719297,0.2933924392921274,-0.1835532342876781,-0.594184500412889,-0.6400254471842317,-0.5375348653061452,0.26722350588250304,-0.2216831166712786,0.48718784936375154,0.3718066354032309,-0.2053279212305353,-0.5188710979760155,-0.48615359445472656,0.0553860119068622,0.7531783649010431,0.7583248966871133,-0.8443579554300141,-0.6320669537475775,-0.6427825583895959,0.3895883269163679,0.03967931734460362,-0.5672278990690662,-0.44039292498736726,0.18125186315898412,0.252337468761835,0.49318363394724907],[0.6546968124973714,-0.37978029706468547,0.5499256394393923,0.0949901521378233,-0.5829515788775198,-0.6598279145354012,-0.143276374968832,0.22370948714533442,-0.3095239867622705,0.7211182777651434,-0.5415335722899501,-0.5421981939457335,-0.43309157889138555,-0.5552628060758107,-0.5018785624671025,-0.46966205588776133,-0.15766143789242223,0.17618473621274655,0.06890033520006437,0.13022250528689672,0.7428674671243161,0.7588572055943602,1.0,0.4079444950829169,0.19600847375768135,-0.013873042060138556,-0.5090623343829574,-0.5699770781463867,-0.4719746032385781,0.15957811225596832,-0.34552393214782434,0.4498801465721733,0.3700131475044574,-0.12507200041867247,-0.4102133173876299,-0.4975147919738607,0.12548348461981784,0.524866028000348,0.5799352844140707,-0.6673392305693029,-0.47850103621839124,-0.5204608031026765,0.20088215190128364,-0.15385399323135737,-0.4985070016663086,-0.38154242351342726,0.05061656242658003,0.12172898695607061,0.36096929872967765],[0.6340831706478632,-0.5504255402452068,0.5517516247432016,-0.040544574248174994,-0.5458495115233969,-0.5958383243941693,-0.26565065973395535,0.4020596043821452,-0.36523647991214964,0.6652356588302145,-0.522444688558749,-0.6046674768927612,-0.3895172684423184,-0.5282977457590505,-0.6622646092291489,-0.41365201297488174,-0.18991824715563047,0.11621756622687254,-0.10398031862365696,-0.015206800407837557,0.656258490742176,0.6717696917719297,0.4079444950829169,1.0,0.3702860121802787,-0.19923170967700088,-0.43297066469737716,-0.4732499903798138,-0.3413344200271098,0.1282764431706182,0.02841348152839253,0.1044644994720896,0.3587246520890963,-0.3750698442401228,-0.465793386077424,-0.24064545517503008,0.04838861603967103,0.6592602373144596,0.596895393660252,-0.4968295164963767,-0.4152305434672098,-0.6064941134150272,0.5033515183184017,0.11207429814275575,-0.4273115025539497,-0.4238335483366604,0.057738813296404186,0.14084071408113855,0.3938256641269813],[0.3768308727610886,-0.37771176411355367,0.20021021562287847,-0.07213055618952464,-0.21120014526418246,-0.29551926436689474,-0.2289861446644683,0.25799168537149914,-0.24028841983484028,0.35151797223047315,-0.19320781416660002,-0.4096084492818749,-0.20405751785920825,-0.19797224734881472,-0.3932151266160083,-0.11345614840390245,-0.10628298147617148,-0.023202245357174234,-0.21108017987463737,-0.16151525686360146,0.3061210256376344,0.2933924392921274,0.19600847375768135,0.3702860121802787,1.0,-0.029248162765264322,-0.10291498138193311,-0.10105583485832632,0.0029729386767292885,0.13540325731457828,0.21847766760035325,-0.16285760152027937,0.15620584242766594,-0.2649443803411972,-0.26450234982899773,-0.020010412358900886,0.151262685301919,0.30747884190932223,0.31404395248087846,-0.2319783687870605,-0.21726453077446556,-0.2578493885179747,0.4263232589026023,0.28016954516521236,-0.08249082025110314,-0.14485192312666656,0.12052108041394705,0.1616744895717133,0.10312030400241244],[-0.24878101457380675,0.46359281548175146,-0.23374332783201845,0.026523853421730494,0.14648857265100482,-0.03372935310689918,0.17856596920394327,-0.11321636128719366,0.45812350583107453,-0.23953619714851557,0.18996354815819716,-0.015780688189636908,-0.1052715030967636,0.050210504327698836,0.3499804988895369,-0.035374703441450356,0.198077265393431,0.254405625430044,0.4332481283386762,0.21847654685823203,-0.16841510767654283,-0.1835532342876781,-0.013873042060138556,-0.19923170967700088,-0.029248162765264322,1.0,0.395642412902262,0.28396026960818915,0.29254781019085796,-0.3413395251222047,-0.3158492577275971,-0.1498583620162549,0.08171100899272529,0.3063770376789453,0.24817977016145074,-0.10248359668130742,-0.07172675763110532,-0.3475612611402905,-0.43326762404982294,0.09702847536862422,0.30040731861964765,0.17945572353967118,-0.31648795142856917,-0.20331280906917648,0.34154476984806414,0.3164773462968753,0.12056684326460472,-0.2678802557891143,-0.4905172339141924],[-0.5330619114943139,0.5086068038571189,-0.5102370883979488,-0.21254481677350512,0.8066875728587721,0.4653695512817355,-0.1292678449230726,-0.5036088319790208,0.35601262113417675,-0.6814275522536875,0.7368052159849708,0.4352390382646255,0.3418387453583927,0.5891362624516726,0.5546399183170595,0.5429834583683982,0.41161061535601556,-0.1718443876217686,0.08752173887364371,0.01653196281941727,-0.6010170651360295,-0.594184500412889,-0.5090623343829574,-0.43297066469737716,-0.10291498138193311,0.395642412902262,1.0,0.9074213048159656,0.9132199087421375,-0.042504989121545586,0.3068396186414978,-0.4186814203039638,-0.49401249354651866,0.09191586215575535,0.540038364633658,0.4927563566478916,0.04281397981587576,-0.6876899332887842,-0.7543636067167164,0.4463005976478101,0.4326072637486268,0.7379515922553846,-0.17086135437196426,0.12075676782177319,0.9723485921792793,0.40535890111634376,0.2954055324937809,-0.1282455890553286,-0.8441008208060858],[-0.6270628936511715,0.5598291869470908,-0.5938646677525983,-0.18737369918818914,0.7242357852078375,0.5413422195584254,0.025222116532268593,-0.47726282161695593,0.4058623052490348,-0.7068910288811203,0.6824815140751178,0.42945865727163585,0.33990516643962804,0.5606519389512955,0.5353698840199798,0.4583526765192027,0.25615358399872795,-0.07420978401534661,0.10802732291571125,0.06747111245769577,-0.634542556470621,-0.6400254471842317,-0.5699770781463867,-0.4732499903798138,-0.10105583485832632,0.28396026960818915,0.9074213048159656,1.0,0.9090871166935814,-0.12434793356005018,0.27355846214764373,-0.46048104020826375,-0.4467926851297929,0.1175848026878583,0.5614148768329593,0.44665255774721174,-0.07489049434335716,-0.6612278360151752,-0.7350354874950848,0.5501877366726845,0.4847951449608466,0.6796823089259797,-0.15325527235785252,0.11627579336690953,0.9200413075367574,0.415623782495419,0.1995958951613435,-0.17753060221872785,-0.685821593672205],[-0.46336600716062665,0.3957771486658511,-0.527889414726197,-0.3016778535301704,0.6590833690595347,0.4418113923291885,-0.13951242226546018,-0.3293395725491575,0.31299374538701796,-0.60104306783788,0.5956512235131894,0.29019146985787597,0.23339988223781916,0.4857521370584448,0.36708518492539366,0.4441828171538918,0.2795719310913848,-0.11473805729036961,0.024243220841294953,0.05887490234856773,-0.5231170909053212,-0.5375348653061452,-0.4719746032385781,-0.3413344200271098,0.0029729386767292885,0.29254781019085796,0.9132199087421375,0.9090871166935814,1.0,-0.08379813508144472,0.37809161602516794,-0.482013525860929,-0.3687202278078642,-0.018595975739511567,0.403220597100459,0.4772777833934766,-0.06988776418671398,-0.5637725006056618,-0.6668771701869659,0.4748249372064278,0.4002552175012911,0.5941383107143889,0.002862407830129085,0.20564040654286547,0.9322180538339697,0.37034492844187883,0.24317340386613484,-0.13611440727388385,-0.7040940709744332],[0.46519885941826855,-0.47440589634072783,0.41754981547483516,0.3490317277767196,0.1209461901529979,-0.04082482720611578,-0.6695209503508232,-0.2998564207828318,-0.43235936799539904,0.34287418281449783,-0.0012134438632263984,0.24488978493600047,0.4349132372109457,0.024448991862126693,-0.28940896951494743,0.20922716336701644,0.13920251727562905,-0.4339754024630659,-0.438261141401274,-0.3446080093742685,0.21976985296510818,0.26722350588250304,0.15957811225596832,0.1282764431706182,0.13540325731457828,-0.3413395251222047,-0.042504989121545586,-0.12434793356005018,-0.08379813508144472,1.0,0.295305546244016,0.35808385459396397,-0.48022047927712513,-0.2673983971557589,-0.007982093480037183,0.418978572234641,0.27528916739017123,0.15536853592182895,0.2959801866659937,-0.3725152374098383,-0.5428752061709416,0.2104267198476274,0.21737241210689529,0.4464556649850102,0.024019794944296263,-0.14908164987979575,0.4750687112197752,0.6371119642349359,0.13077855314444023],[0.009688613812592369,-0.36590353254759234,-0.10938614302572146,-0.3909196443651281,0.44625215611770086,0.30661469955533094,-0.4537759698118318,0.035091856082380725,-0.4144874581517587,-0.17561262371441638,0.4149299869651461,0.24396966011032495,0.3628166185578112,0.4791114787452635,-0.0722337718059944,0.5761018206658918,0.08817432090426992,-0.60893946601085,-0.6870705400828505,-0.5447163254202052,-0.25465195971221904,-0.2216831166712786,-0.34552393214782434,0.02841348152839253,0.21847766760035325,-0.3158492577275971,0.3068396186414978,0.27355846214764373,0.37809161602516794,0.295305546244016,1.0,-0.4010186342644813,-0.5120916429684447,-0.42672983714256096,-0.01856056530094593,0.6623996525049257,0.26003261490859003,-0.12711716964617495,-0.07747591124345364,0.2645068806138461,0.02470934373059415,0.30540779244028826,0.4616747519567746,0.5539647096792529,0.3399808794334269,-0.04847592403314463,0.07213925986975193,0.24497576464011175,-0.20320701826061413],[0.4254512414921516,-0.20473343787058923,0.5714510839401769,0.5588884570654413,-0.3948956110976085,-0.4063381582462092,0.04051828099287595,-0.15418571842899775,-0.2916037697756662,0.4686262932227443,-0.4399642314648107,-0.027101956737722737,0.015090883013441027,-0.42338456835607885,-0.2608442208887393,-0.30955334117162503,0.07264216091783823,0.046667312122902094,0.09671835343862174,0.039975870331612075,0.46954696856623696,0.48718784936375154,0.4498801465721733,0.1044644994720896,-0.16285760152027937,-0.1498583620162549,-0.4186814203039638,-0.46048104020826375,-0.482013525860929,0.35808385459396397,-0.4010186342644813,1.0,0.0004346358749428038,0.08909369375349263,-0.25710534997115064,-0.3065670735878719,0.01983997320204984,0.3113907175292509,0.38706900795713356,-0.6201977943253751,-0.6082075594936875,-0.13129577706447856,-0.03321055205077061,-0.02363810378044004,-0.3954678336030746,-0.322999770578448,0.17927551255680602,0.43617617250906215,0.401030759258307],[0.279517256362757,-0.13855638838425993,0.11888464240355702,-0.09262719316271384,-0.6934520954796562,-0.45447705816699213,0.22925342863557233,0.6008766569874698,0.12819113804114843,0.3868803051916513,-0.6307032556307179,-0.6906841154053852,-0.7035015133744924,-0.5915012295995965,-0.5036585533160028,-0.580970763725151,-0.24303443092662846,0.4963741738203296,0.24428495483234292,0.38444341600468235,0.4383031401154123,0.3718066354032309,0.3700131475044574,0.3587246520890963,0.15620584242766594,0.08171100899272529,-0.49401249354651866,-0.4467926851297929,-0.3687202278078642,-0.48022047927712513,-0.5120916429684447,0.0004346358749428038,1.0,0.17637850573244807,-0.6488894511547998,-0.7113452435452693,-0.3448140443879605,0.5196760575362102,0.37589967514662215,-0.2069709977028738,-0.10976011587835348,-0.7829879859920835,0.01799545297725535,-0.32747928766024753,-0.4860336963935312,-0.12010561569094584,-0.2196779602891531,-0.3575972324926991,0.4582592223706247],[-0.24612957371330327,0.44290124931219244,-0.28675650594606333,0.48980618434281054,0.1375086131739758,0.07715673636871422,0.24702683583246743,-0.398861620237147,0.3340062215877924,-0.1979139443266511,0.14589103793830774,0.28821639020585493,0.16536498886320625,0.1828714226450206,0.34017905414929633,0.17258123918248644,0.4422761173640342,-0.06239249977848244,0.26067071188290564,0.09974354164085711,-0.15131124477557734,-0.2053279212305353,-0.12507200041867247,-0.3750698442401228,-0.2649443803411972,0.3063770376789453,0.09191586215575535,0.1175848026878583,-0.018595975739511567,-0.2673983971557589,-0.42672983714256096,0.08909369375349263,0.17637850573244807,1.0,-0.1275475337850905,-0.16530383890866937,0.0850256608741526,-0.44818154100680047,-0.32028310649079306,-0.07686665308444603,-0.04277927124683953,0.2727156305446338,-0.5779453452706645,-0.31828895131891133,0.1478212894560805,0.5255346265378971,-0.1391589139542541,-0.07710366574883679,-0.10075420661867159],[-0.6112399091050956,0.6110769335461034,-0.3599193623690214,-0.06777973731814539,0.5567820947026154,0.45901593699271825,0.18717617156402594,-0.47741458980132384,0.4519136513101093,-0.5793304414924088,0.5532854449921923,0.45869940941019127,0.32426907046857895,0.3940508361548732,0.7610747852943908,0.1843674301668178,0.0008974858169616454,0.1279966988396409,0.35055796010540524,0.1369832084256821,-0.5568124833433311,-0.5188710979760155,-0.4102133173876299,-0.465793386077424,-0.26450234982899773,0.24817977016145074,0.540038364633658,0.5614148768329593,0.403220597100459,-0.007982093480037183,-0.01856056530094593,-0.25710534997115064,-0.6488894511547998,-0.1275475337850905,1.0,0.3255180197763566,-0.07925247059035809,-0.5512202306630508,-0.5838282883170606,0.4673360797906161,0.5894536885177685,0.5917247392581202,-0.31750235739384036,-0.0775877845322637,0.4596219999064237,0.24073365751095058,0.09078969119539465,-0.17537543093243646,-0.5861712808095755],[-0.19250627107029808,-0.0979727408982212,-0.3116894269053354,0.005133868341998168,0.6166653808859907,0.6160778896320777,-0.3189898540255201,-0.2983785252327968,-0.18011908130549542,-0.409225223767052,0.5147410127856261,0.6017511330507621,0.6906590361658739,0.607080711306692,0.21460738352367711,0.6853119455592136,0.27625668181078167,-0.6455964097207644,-0.5288880810229747,-0.47873185191324064,-0.5212022252866862,-0.48615359445472656,-0.4975147919738607,-0.24064545517503008,-0.020010412358900886,-0.10248359668130742,0.4927563566478916,0.44665255774721174,0.4772777833934766,0.418978572234641,0.6623996525049257,-0.3065670735878719,-0.7113452435452693,-0.16530383890866937,0.3255180197763566,1.0,0.1783350013239312,-0.46069510883831943,-0.3175292823813373,0.30865812327279174,0.010836651948603416,0.6290429988794155,0.09007121257678351,0.4752786576256707,0.534660757353793,0.24382020869723586,0.20877281812223863,0.40273147842792323,-0.31471485802129584],[0.04316340797654212,-0.161927959708704,0.2521804330895502,0.041534733447384516,0.2916150985583583,-0.002522101243521487,-0.2699221681657077,-0.26068563709058834,-0.40779280120138783,0.01789685799099096,0.2954365079391474,0.23007794241846982,0.34006930538532126,0.3511170281794441,0.08258528774632218,0.4063306906376244,0.21145480184751475,-0.5080145535920725,-0.3268192066625823,-0.48908115271485886,-0.02519196331009901,0.0553860119068622,0.12548348461981784,0.04838861603967103,0.151262685301919,-0.07172675763110532,0.04281397981587576,-0.07489049434335716,-0.06988776418671398,0.27528916739017123,0.26003261490859003,0.01983997320204984,-0.3448140443879605,0.0850256608741526,-0.07925247059035809,0.1783350013239312,1.0,-0.2055369910310922,0.028107232456154537,-0.1162936673718604,-0.1012900216909382,0.26677949044690025,0.1002006257416212,0.09193977590762668,0.03479472502996402,-0.06257999546197984,-0.11151392319232965,0.21858402236576996,-0.16204333679409527],[0.7176650381630852,-0.6860131953327078,0.6042223529788094,-0.014242450347912062,-0.79312784526515,-0.6100086292016017,-0.16636470692133828,0.6068390378939814,-0.3725202683206065,0.7923251834592071,-0.7989779784176105,-0.6575756337383408,-0.5037471344962575,-0.7256396949930735,-0.7980558740473883,-0.6327211165489977,-0.42939911537723374,0.28670728646684596,-0.12607249582602562,0.031800858024064474,0.7541368745178992,0.7531783649010431,0.524866028000348,0.6592602373144596,0.30747884190932223,-0.3475612611402905,-0.6876899332887842,-0.6612278360151752,-0.5637725006056618,0.15536853592182895,-0.12711716964617495,0.3113907175292509,0.5196760575362102,-0.44818154100680047,-0.5512202306630508,-0.46069510883831943,-0.2055369910310922,1.0,0.8817747277113305,-0.4718096597638895,-0.42351836226755424,-0.8430619955351939,0.43100467662030056,0.13846568272165277,-0.698997361113366,-0.48530060884804893,0.05964299540879019,0.1466222380013344,0.7441554215981129],[0.7394973449342641,-0.783624590059137,0.6325953991346288,0.12209247245409612,-0.7291764226382216,-0.4992768538473525,-0.2053131537596925,0.49303835164741433,-0.5702370571466618,0.8209850482996432,-0.74160273